5504642
5504748
5504749
5504750
5504751
5504752
5504753
5504754
5504755
5504756
5504757
5504758
5504759
5504760
5504761
5504762
5504763
5504764
5504765
5504766
5504767
5504769
5504770
5504771
5504772
5504773
5504774
5504775
5504776
5504777
5504778
5504779
5504780
5504781
5504782
5504783
5504784
5504785
5504786
5504787
5504788
5504789
5504790
5504791
5504792
5504793
5504794
5504795
5504796
5504797
5504798
5504799
5504800
5504801
5504802
5504803
5504804
5504805
5504806
5504807
5504808
5504809
5504810
5504811
5504812
5504813
5504814
5504815
5504816
5504817
